100
2.08903 7.73629 7.96655
1.67626 1.30476 6.59175
2.86239 2.04765 9.73884
0.77089 5.04444 1.62252
0.44362 3.99908 1.28949
2.20249 2.33767 1.05061
6.49561 1.84748 0.76184
4.81148 7.47108 4.20352
4.66800 1.91147 2.15581
1.03463 3.70568 4.51944
7.88570 0.85617 5.29523
6.57773 6.52748 7.54257
3.75695 8.83608 0.24560
2.23836 0.09321 0.31434
2.51272 3.64892 3.94124
8.07251 3.84515 5.23380
6.07606 1.08553 4.43675
1.02027 5.04221 8.03681
5.89726 3.02660 3.28835
4.54381 3.54424 9.39603
2.33781 9.02798 6.34826
9.95891 3.15727 6.72978
5.96118 0.27519 3.59162
7.40100 8.32489 3.75125
5.80017 5.35789 4.61571
2.41769 5.00644 7.30140
0.94508 0.10551 8.53521
3.13575 8.47762 4.30661
8.21002 9.05140 7.95304
3.35585 5.69927 2.96953
4.20931 7.81434 5.72798
7.54237 1.66503 4.24288
2.67528 7.86086 8.66051
4.86124 4.44930 0.67926
6.37137 8.82684 6.47076
9.19840 2.58734 6.12772
4.50108 2.95717 8.88701
3.60376 1.44459 5.00943
5.33926 2.99706 6.35271
3.71647 6.79555 0.04109
2.41461 9.09345 2.91064
3.84223 2.72633 8.06852
8.36680 1.01919 9.23832
8.05425 2.38521 4.10223
7.82915 8.50817 4.47496
1.82052 5.65062 3.61736
8.96356 8.31280 3.92412
2.61247 8.01234 7.71516
8.00393 5.97633 7.67824
3.67124 6.23963 0.80388
9.93594 3.25904 7.12453
4.67004 3.16556 2.70602
5.66066 0.05231 4.42618
2.46356 6.88750 6.11125
1.00526 4.11203 7.50909
0.38389 0.57683 5.53214
5.60472 5.56218 0.42497
1.39359 0.66687 9.30638
6.48125 3.84634 4.89699
4.90279 5.73264 5.95648
1.44847 2.64054 3.22530
7.53655 3.65424 1.34520
2.15743 1.54213 3.54349
9.25138 9.32579 1.52233
0.43085 6.14076 9.50477
5.35933 0.15510 0.09164
9.56474 7.88884 3.46912
2.82190 5.17709 5.25231
7.71996 8.72057 7.23504
7.81809 9.43272 1.37799
8.06235 1.56192 8.06480
5.17273 2.60601 3.59028
2.88773 0.40960 5.32290
0.26854 0.86171 1.78585
5.95172 1.48631 3.65406
8.45746 2.70311 2.63261
0.83376 8.39075 8.53769
1.36138 2.23388 0.56456
1.15033 7.30420 8.73171
8.36182 1.91519 1.19116
8.55355 2.40622 9.40156
5.54316 2.45148 0.71112
4.73420 1.97186 7.08229
8.24838 1.74752 3.39680
2.46143 3.58434 9.72977
5.55530 8.27379 4.20372
0.54172 6.90140 1.53899
8.44684 3.19054 4.05674
9.95871 7.18242 5.21202
6.00498 3.99198 7.91746
4.17704 1.50129 7.82134
1.56848 0.17301 7.67626
7.57794 7.19989 9.64329
4.48465 6.05720 1.86186
2.85562 3.82036 3.13768
2.18500 2.96763 8.28686
7.40554 3.12602 7.81797
1.43276 4.34346 0.09917
2.12025 7.29058 5.52643
6.27079 4.70502 5.52974