100
2.08903 7.73629 7.96655
1.67626 1.30476 6.59175
2.86239 2.04765 9.73884
0.77089 5.04444 1.62252
0.44362 3.99908 1.28949
2.20249 2.33767 1.05061
6.49561 1.84748 0.76184
4.81148 7.47108 4.20352
4.66800 1.91147 2.15581
1.03463 3.70568 4.51944
7.88570 0.85617 5.29523
6.57773 6.52748 7.54257
3.75695 8.83608 0.24560
2.23836 0.09321 0.31434
2.51272 3.64892 3.94124
8.07251 3.84515 5.23380
6.07606 1.08553 4.43675
1.02027 5.04221 8.03681
5.89726 3.02660 3.28835
4.54381 3.54424 9.39603
2.33781 9.02798 6.34826
9.95891 3.15727 6.72978
5.96118 0.27519 3.59162
7.40100 8.32489 3.75125
5.80017 5.35789 4.61571
2.41769 5.00644 7.30140
0.94508 0.10551 8.53521
3.13575 8.47762 4.30661
8.21002 9.05140 7.95304
3.35585 5.69927 2.96953
4.20931 7.81434 5.72798
7.54237 1.66503 4.24288
2.67528 7.86086 8.66051
4.86124 4.44930 0.67926
6.37137 8.82684 6.47076
9.19840 2.58734 6.12772
4.50108 2.95717 8.88701
3.60376 1.44459 5.00943
5.33926 2.99706 6.35271
3.71647 6.79555 0.04109
2.41461 9.09345 2.91064
3.84223 2.72633 8.06852
8.36680 1.01919 9.23832
8.05425 2.38521 4.10223
7.82915 8.50817 4.47496
1.82052 5.65062 3.61736
8.96356 8.31280 3.92412
2.61247 8.01234 7.71516
8.00393 5.97633 7.67824
3.67124 6.23963 0.80388
9.93594 3.25904 7.12453
4.67004 3.16556 2.70602
5.66066 0.05231 4.42618
2.46356 6.88750 6.11125
1.00526 4.11203 7.50909
0.38389 0.57683 5.53214
5.60472 5.56218 0.42497
1.39359 0.66687 9.30638
6.48125 3.84634 4.89699
4.90279 5.73264 5.95648
7.14027 7.99793 7.52686
1.22938 0.43276 7.20107
0.36355 7.29269 9.18279
3.45799 2.35688 2.74509
7.48025 7.10752 6.67052
3.39320 1.86913 9.08610
9.77924 1.59721 2.01147
7.62754 7.52884 2.68358
8.03102 9.82004 6.13708
5.26095 1.91065 9.98148
7.53335 4.56925 3.46785
1.76280 8.98798 2.03964
4.23835 3.84046 1.99422
2.21284 0.94167 5.09626
6.64049 4.48695 2.36628
7.15100 0.08513 7.03111
1.91333 6.34275 5.18624
0.37459 9.42842 2.10938
8.46855 9.22294 6.76860
5.77881 1.44160 4.04250
8.44557 9.77151 0.88722
0.86744 6.68216 8.18889
3.14093 4.04225 8.76342
1.63300 9.94658 3.80567
6.58396 9.51617 7.48258
2.85673 5.32146 4.84195
2.25592 7.93896 5.37481
7.99048 0.75082 4.99312
6.89968 6.55096 4.72346
7.42853 6.31054 3.97633
2.57568 8.63089 8.03026
0.91499 8.41542 0.49031
9.97072 8.45564 8.58639
0.01392 5.99305 4.86132
2.35563 2.12234 8.94035
5.39799 2.85322 3.35503
9.51141 9.23368 8.30940
1.36798 1.96807 3.42673
6.30430 9.67905 6.61149
3.05941 6.96767 9.56029