game2.txt
10
1
2
..oxxoxoxoxxx..x.o.x.....o...o...oxx......xx.oo..ox.........o....xx......o....o.........x...o.....o.
2 2 
10 3 
1 4 
5 10 
4 5 
2 8 
1 5 
8 4 
5 3 
8 9 
2 1 
1 3 
2 3 
5 7 
7 6 
10 9 
9 9 
1 6 
2 6 
3 6 
4 6 
5 6 
5 4 
4 4 
7 7 
7 1 
6 1 
1 10 
2 10 
3 10 
1 9 
1 8 
1 7 
0 0 
0 0 
0 0 
0 0 
0 0 
0 0 
0 0 
0 0 
0 0 
0 0 
0 0 
0 0 
0 0 
0 0 
0 0 
0 0 
0 0 
0 0 
0 0 
0 0 
0 0 
0 0 
0 0 
0 0 
0 0 
0 0 
0 0 
0 0 
0 0 
0 0 
0 0 
0 0 
0 0 
0 0 
0 0 
0 0 
0 0 
0 0 
0 0 
0 0 
0 0 
0 0 
0 0 
0 0 
0 0 
0 0 
0 0 
0 0 
0 0 
0 0 
0 0 
0 0 
0 0 
0 0 
0 0 
0 0 
0 0 
0 0 
0 0 
0 0 
0 0 
0 0 
0 0 
0 0 
0 0 
0 0 
0 0 
